111111111111111111111111111111111111111111111111111111111111111111111111111111111111111111111111111111111111111111111111111111111111111111111111111111111111111111111111111111111111111111111111111111111111111111111111111111111111111111111111111111111111111111111111111111111111111111111111111111111111111111111111111111111111111111
111111111111111111111111111111111111111111111111111111111111111111111111111111111111111111111111111111111111111111111111111111111111111111111111111111111111111111111111111111111111111111111111111111111111111111111111111111111111111111111111111111111111111111111111111111111111111111111111111111111111111111111111111111111111111111
111111111111111111111111111111111111111111111111111111111111111111111111111111111111111111111111111111111111111111111111111111111111111111111111111111111111111111111111111111111111111111111111111111111111111111111111111111111111111111111111111111111111111111111111111111111111111111111111111111111111111111111111111111111111111111
111111111111111111111111111111111111111111111111111111111111111111111111111111111111111111111111111111111111111111111111111111111111111111111111111111111111111111111111111111111111111111111111111111111111111111111111111111111111111111111111111111111111111111111111111111111111111111111111111111111111111111111111111111111111111111
111111111111111111111111111111111111111111111111111111111111111111111111111111111111111111111111111111111111111111111111111111111111111111111111111111111111111111111111111111111111111111111111111111111111111111111111111111111111111111111111111111111111111111111111111111111111111111111111111111111111111111111111111111111111111111
111111111111111111111111111111111111111111111111111111111111111111111111111111111111111111111111111111111111111111111111111111111111111111111111111111111111111111111111111111111111111111111111111111111111111111111111111111111111111111111111111111111111111111111111111111111111111111111111111111111111111111111111111111111111111111
111111111111111111111111111111111111111111111111111111111111111111111111111111111111111111111111111111111111111111111111111111111111111111111111111111111111111111111111111111111111111111111111111111111111111111111111111111111111111111111111111111111111111111111111111111111111111111111111111111111111111111111111111111111111111111
111111111111111111111111111111111111111111111111111111111111111111111111111111111111111111111111111111111111111111111111111111111111111111111111111111111111111111111111111111111111111111111111111111111111111111111111111111111111111111111111111111111111111111111111111111111111111111111111111111111111111111111111111111111111111111
111111111111111111111111111111111111111111111111111111111111111111111111111111111111111111111111111111111111111111111111111111111111111111111111111111111111111111111111111111111111111111111111111111111111111111111111111111111111111111111111111111111111111111111111111111111111111111111111111111111111111111111111111111111111111111
11111111111RRRRRRRRRRRRRRRRRRRRRRRRRRRRR11111111111111111111111111111111111111111111111111111111111111111111111111111111111111111111111111111111111111111111111111111111111111111111111111111111111111111111111111111111111111111111111111111111111111111111111111111111111111111111111111111111111111111111111111111111111111111111111111
111111111100000000000000000000000000000011111111111111111111111111111111111111111111111111111111111111111111111111111111111111111111111111111111111111111111111111111111111111111111111111111111111111111111111111111111111111111111111111111111111111111111111111111111111111111111111111111111111111111111111111111111111111111111111111
111111111100000000000000000000000000000011111111111111111111111111111111111111111111111111111111111111111111111111111111111111111111111111111111111111111111111111111111111111111111111111111111111111111111111111111111111111111111111111111111111111111111111111111111111111111111111111111111111111111111111111111111111111111111111111
111111111100000000000000000000000000000011111111111111111111111111111111111111111111111111111111111111111111111111111111111111111111111111111111111111111111111111111111111111111111111111111111111111111111111111111111111111111111111111111111111111111111111111111111111111111111111111111111111111111111111111111111111111111111111111
111111111100000000000000000000000000000011111111111111111111111111111111111111111111111111111111111111111111111111111111111111111111111111111111111111111111111111111111111111111111111111111111111111111111111111111111111111111111111111111111111111111111111111111111111111111111111111111111111111111111111111111111111111111111111111
111111111100000000000000000000000000000011111111111111111111111111111111111111111111111111111111111111111111111111111111111111111111111111111111111111111111111111111111111111111111111111111111111111111111111111111111111111111111111111111111111111111111111111111111111111111111111111111111111111111111111111111111111111111111111111
111111111100000000000000000000000000000011111111111111111111111111111111111111111111111111111111111111111111111111111111111111111111111111111111111111111111111111111111111111111111111111111111111111111111111111111111111111111111111111111111111111111111111111111111111111111111111111111111111111111111111111111111111111111111111111
111111111100000000000000000000000000000011111111111111111111111111111111111111111111111111111111111111111111111111111111111111111111111111111111111111111111111111111111111111111111111111111111111111111111111111111111111111111111111111111111111111111111111111111111111111111111111111111111111111111111111111111111111111111111111111
111111111100000000000000000000000000000011111111111111111111111111111111111111111111111111111111111111111111111111111111111111111111111111111111111111111111111111111111111111111111111111111111111111111111111111111111111111111111111111111111111111111111111111111111111111111111111111111111111111111111111111111111111111111111111111
111111111100000000000000000000000000000011111111111111111111111111111111111111111111111111111111111111111111111111111111111111111111111111111111111111111111111111111111111111111111111111111111111111111111111111111111111111111111111111111111111111111111111111111111111111111111111111111111111111111111111111111111111111111111111111
111111111100000000000000000000000000000011111111111111111111111111111111111111111111111111111111111111111111111111111111111111111111111111111111111111111111111111111111111111111111111111111111111111111111111111111111111111111111111111111111111111111111111111111111111111111111111111111111111111111111111111111111111111111111111111
111111111100000000000000000000000000000011111111110000000000000000000000000000000000000000000000000000000000000000000000000000000011111111110000000000000000000000000000000000000000000000000000000000000000000000000000000011111111110000000000000000000000000000000000000000000000000011111111110000000000000000000011111111111111111111
111111111100000000000000000000000000000011111111110000000000000000000000000000000000000000000000000000000000000000000000000000000011111111110000000000000000000000000000000000000000000000000000000000000000000000000000000011111111110000000000000000000000000000000000000000000000000011111111110000000000000000000011111111111111111111
111111111100000000000000000000000000000011111111110000000000000000000000000000000000000000000000000000000000000000000000000000000011111111110000000000000000000000000000000000000000000000000000000000000000000000000000000011111111110000000000000000000000000000000000000000000000000011111111110000000000000000000011111111111111111111
111111111100000000000000000000000000000011111111110000000000000000000000000000000000000000000000000000000000000000000000000000000011111111110000000000000000000000000000000000000000000000000000000000000000000000000000000011111111110000000000000000000000000000000000000000000000000011111111110000000000000000000011111111111111111111
111111111100000000000000000000000000000011111111110000000000000000000000000000000000000000000000000000000000000000000000000000000011111111110000000000000000000000000000000000000000000000000000000000000000000000000000000011111111110000000000000000000000000000000000000000000000000011111111110000000000000000000011111111111111111111
111111111100000000000000000000000000000011111111110000000000000000000000000000000000000000000000000000000000000000000000000000000011111111110000000000000000000000000000000000000000000000000000000000000000000000000000000011111111110000000000000000000000000000000000000000000000000011111111110000000000000000000011111111111111111111
111111111100000000000000000000000000000011111111110000000000000000000000000000000000000000000000000000000000000000000000000000000011111111110000000000000000000000000000000000000000000000000000000000000000000000000000000011111111110000000000000000000000000000000000000000000000000011111111110000000000000000000011111111111111111111
111111111100000000000000000000000000000011111111110000000000000000000000000000000000000000000000000000000000000000000000000000000011111111110000000000000000000000000000000000000000000000000000000000000000000000000000000011111111110000000000000000000000000000000000000000000000000011111111110000000000000000000011111111111111111111
111111111100000000000000000000000000000011111111110000000000000000000000000000000000000000000000000000000000000000000000000000000011111111110000000000000000000000000000000000000000000000000000000000000000000000000000000011111111110000000000000000000000000000000000000000000000000011111111110000000000000000000011111111111111111111
111111111100000000000000000000000000000011111111110000000000000000000000000000000000000000000000000000000000000000000000000000000011111111110000000000000000000000000000000000000000000000000000000000000000000000000000000011111111110000000000000000000000000000000000000000000000000011111111110000000000000000000011111111111111111111
111111111111111111110000000000000000000011111111110000000000000000000011111111110000000000000000000011111111110000000000000000000011111111110000000000000000000011111111111111111111111111111111111111110000000000000000000011111111110000000000000000000011111111111111111111111111111111111111110000000000000000000011111111111111111111
111111111111111111110000000000000000000011111111110000000000000000000011111111110000000000000000000011111111110000000000000000000011111111110000000000000000000011111111111111111111111111111111111111110000000000000000000011111111110000000000000000000011111111111111111111111111111111111111110000000000000000000011111111111111111111
111111111111111111110000000000000000000011111111110000000000000000000011111111110000000000000000000011111111110000000000000000000011111111110000000000000000000011111111111111111111111111111111111111110000000000000000000011111111110000000000000000000011111111111111111111111111111111111111110000000000000000000011111111111111111111
111111111111111111110000000000000000000011111111110000000000000000000011111111110000000000000000000011111111110000000000000000000011111111110000000000000000000011111111111111111111111111111111111111110000000000000000000011111111110000000000000000000011111111111111111111111111111111111111110000000000000000000011111111111111111111
111111111111111111110000000000000000000011111111110000000000000000000011111111110000000000000000000011111111110000000000000000000011111111110000000000000000000011111111111111111111111111111111111111110000000000000000000011111111110000000000000000000011111111111111111111111111111111111111110000000000000000000011111111111111111111
111111111111111111110000000000000000000011111111110000000000000000000011111111110000000000000000000011111111110000000000000000000011111111110000000000000000000011111111111111111111111111111111111111110000000000000000000011111111110000000000000000000011111111111111111111111111111111111111110000000000000000000011111111111111111111
111111111111111111110000000000000000000011111111110000000000000000000011111111110000000000000000000011111111110000000000000000000011111111110000000000000000000011111111111111111111111111111111111111110000000000000000000011111111110000000000000000000011111111111111111111111111111111111111110000000000000000000011111111111111111111
111111111111111111110000000000000000000011111111110000000000000000000011111111110000000000000000000011111111110000000000000000000011111111110000000000000000000011111111111111111111111111111111111111110000000000000000000011111111110000000000000000000011111111111111111111111111111111111111110000000000000000000011111111111111111111
111111111111111111110000000000000000000011111111110000000000000000000011111111110000000000000000000011111111110000000000000000000011111111110000000000000000000011111111111111111111111111111111111111110000000000000000000011111111110000000000000000000011111111111111111111111111111111111111110000000000000000000011111111111111111111
111111111111111111110000000000000000000011111111110000000000000000000011111111110000000000000000000011111111110000000000000000000011111111110000000000000000000011111111111111111111111111111111111111110000000000000000000011111111110000000000000000000011111111111111111111111111111111111111110000000000000000000011111111111111111111
111111111111111111110000000000000000000011111111110000000000000000000011111111110000000000000000000011111111110000000000000000000000000000000000000000000000000011111111110000000000000000000000000000000000000000000000000011111111110000000000000000000000000000000000000000000000000000000000000000000000000000000011111111111111111111
111111111111111111110000000000000000000011111111110000000000000000000011111111110000000000000000000011111111110000000000000000000000000000000000000000000000000011111111110000000000000000000000000000000000000000000000000011111111110000000000000000000000000000000000000000000000000000000000000000000000000000000011111111111111111111
111111111111111111110000000000000000000011111111110000000000000000000011111111110000000000000000000011111111110000000000000000000000000000000000000000000000000011111111110000000000000000000000000000000000000000000000000011111111110000000000000000000000000000000000000000000000000000000000000000000000000000000011111111111111111111
111111111111111111110000000000000000000011111111110000000000000000000011111111110000000000000000000011111111110000000000000000000000000000000000000000000000000011111111110000000000000000000000000000000000000000000000000011111111110000000000000000000000000000000000000000000000000000000000000000000000000000000011111111111111111111
111111111111111111110000000000000000000011111111110000000000000000000011111111110000000000000000000011111111110000000000000000000000000000000000000000000000000011111111110000000000000000000000000000000000000000000000000011111111110000000000000000000000000000000000000000000000000000000000000000000000000000000011111111111111111111
111111111111111111110000000000000000000011111111110000000000000000000011111111110000000000000000000011111111110000000000000000000000000000000000000000000000000011111111110000000000000000000000000000000000000000000000000011111111110000000000000000000000000000000000000000000000000000000000000000000000000000000011111111111111111111
111111111111111111110000000000000000000011111111110000000000000000000011111111110000000000000000000011111111110000000000000000000000000000000000000000000000000011111111110000000000000000000000000000000000000000000000000011111111110000000000000000000000000000000000000000000000000000000000000000000000000000000011111111111111111111
111111111111111111110000000000000000000011111111110000000000000000000011111111110000000000000000000011111111110000000000000000000000000000000000000000000000000011111111110000000000000000000000000000000000000000000000000011111111110000000000000000000000000000000000000000000000000000000000000000000000000000000011111111111111111111
111111111111111111110000000000000000000011111111110000000000000000000011111111110000000000000000000011111111110000000000000000000000000000000000000000000000000011111111110000000000000000000000000000000000000000000000000011111111110000000000000000000000000000000000000000000000000000000000000000000000000000000011111111111111111111
111111111111111111110000000000000000000011111111110000000000000000000011111111110000000000000000000011111111110000000000000000000000000000000000000000000000000011111111110000000000000000000000000000000000000000000000000011111111110000000000000000000000000000000000000000000000000000000000000000000000000000000011111111111111111111
111111111111111111110000000000000000000011111111111111111111111111111111111111111111111111111111111111111111110000000000000000000011111111111111111111111111111111111111111111111111111111111111111111110000000000000000000011111111111111111111111111111111111111111111111111111111111111111111110000000000000000000011111111111111111111
111111111111111111110000000000000000000011111111111111111111111111111111111111111111111111111111111111111111110000000000000000000011111111111111111111111111111111111111111111111111111111111111111111110000000000000000000011111111111111111111111111111111111111111111111111111111111111111111110000000000000000000011111111111111111111
111111111111111111110000000000000000000011111111111111111111111111111111111111111111111111111111111111111111110000000000000000000011111111111111111111111111111111111111111111111111111111111111111111110000000000000000000011111111111111111111111111111111111111111111111111111111111111111111110000000000000000000011111111111111111111
111111111111111111110000000000000000000011111111111111111111111111111111111111111111111111111111111111111111110000000000000000000011111111111111111111111111111111111111111111111111111111111111111111110000000000000000000011111111111111111111111111111111111111111111111111111111111111111111110000000000000000000011111111111111111111
111111111111111111110000000000000000000011111111111111111111111111111111111111111111111111111111111111111111110000000000000000000011111111111111111111111111111111111111111111111111111111111111111111110000000000000000000011111111111111111111111111111111111111111111111111111111111111111111110000000000000000000011111111111111111111
111111111111111111110000000000000000000011111111111111111111111111111111111111111111111111111111111111111111110000000000000000000011111111111111111111111111111111111111111111111111111111111111111111110000000000000000000011111111111111111111111111111111111111111111111111111111111111111111110000000000000000000011111111111111111111
111111111111111111110000000000000000000011111111111111111111111111111111111111111111111111111111111111111111110000000000000000000011111111111111111111111111111111111111111111111111111111111111111111110000000000000000000011111111111111111111111111111111111111111111111111111111111111111111110000000000000000000011111111111111111111
111111111111111111110000000000000000000011111111111111111111111111111111111111111111111111111111111111111111110000000000000000000011111111111111111111111111111111111111111111111111111111111111111111110000000000000000000011111111111111111111111111111111111111111111111111111111111111111111110000000000000000000011111111111111111111
111111111111111111110000000000000000000011111111111111111111111111111111111111111111111111111111111111111111110000000000000000000011111111111111111111111111111111111111111111111111111111111111111111110000000000000000000011111111111111111111111111111111111111111111111111111111111111111111110000000000000000000011111111111111111111
111111111111111111110000000000000000000011111111111111111111111111111111111111111111111111111111111111111111110000000000000000000011111111111111111111111111111111111111111111111111111111111111111111110000000000000000000011111111111111111111111111111111111111111111111111111111111111111111110000000000000000000011111111111111111111
111111111111111111110000000000000000000011111111110000000000000000000000000000000000000000000000000000000000000000000000000000000011111111110000000000000000000000000000000000000000000000000000000000000000000000000000000011111111110000000000000000000000000000000000000000000000000011111111110000000000000000000011111111111111111111
111111111111111111110000000000000000000011111111110000000000000000000000000000000000000000000000000000000000000000000000000000000011111111110000000000000000000000000000000000000000000000000000000000000000000000000000000011111111110000000000000000000000000000000000000000000000000011111111110000000000000000000011111111111111111111
111111111111111111110000000000000000000011111111110000000000000000000000000000000000000000000000000000000000000000000000000000000011111111110000000000000000000000000000000000000000000000000000000000000000000000000000000011111111110000000000000000000000000000000000000000000000000011111111110000000000000000000011111111111111111111
111111111111111111110000000000000000000011111111110000000000000000000000000000000000000000000000000000000000000000000000000000000011111111110000000000000000000000000000000000000000000000000000000000000000000000000000000011111111110000000000000000000000000000000000000000000000000011111111110000000000000000000011111111111111111111
111111111111111111110000000000000000000011111111110000000000000000000000000000000000000000000000000000000000000000000000000000000011111111110000000000000000000000000000000000000000000000000000000000000000000000000000000011111111110000000000000000000000000000000000000000000000000011111111110000000000000000000011111111111111111111
111111111111111111110000000000000000000011111111110000000000000000000000000000000000000000000000000000000000000000000000000000000011111111110000000000000000000000000000000000000000000000000000000000000000000000000000000011111111110000000000000000000000000000000000000000000000000011111111110000000000000000000011111111111111111111
111111111111111111110000000000000000000011111111110000000000000000000000000000000000000000000000000000000000000000000000000000000011111111110000000000000000000000000000000000000000000000000000000000000000000000000000000011111111110000000000000000000000000000000000000000000000000011111111110000000000000000000011111111111111111111
111111111111111111110000000000000000000011111111110000000000000000000000000000000000000000000000000000000000000000000000000000000011111111110000000000000000000000000000000000000000000000000000000000000000000000000000000011111111110000000000000000000000000000000000000000000000000011111111110000000000000000000011111111111111111111
111111111111111111110000000000000000000011111111110000000000000000000000000000000000000000000000000000000000000000000000000000000011111111110000000000000000000000000000000000000000000000000000000000000000000000000000000011111111110000000000000000000000000000000000000000000000000011111111110000000000000000000011111111111111111111
111111111111111111110000000000000000000011111111110000000000000000000000000000000000000000000000000000000000000000000000000000000011111111110000000000000000000000000000000000000000000000000000000000000000000000000000000011111111110000000000000000000000000000000000000000000000000011111111110000000000000000000011111111111111111111
111111111111111111110000000000000000000011111111110000000000000000000011111111111111111111111111111111111111110000000000000000000011111111111111111111111111111111111111110000000000000000000011111111110000000000000000000011111111111111111111111111111111111111110000000000000000000011111111110000000000000000000011111111111111111111
111111111111111111110000000000000000000011111111110000000000000000000011111111111111111111111111111111111111110000000000000000000011111111111111111111111111111111111111110000000000000000000011111111110000000000000000000011111111111111111111111111111111111111110000000000000000000011111111110000000000000000000011111111111111111111
111111111111111111110000000000000000000011111111110000000000000000000011111111111111111111111111111111111111110000000000000000000011111111111111111111111111111111111111110000000000000000000011111111110000000000000000000011111111111111111111111111111111111111110000000000000000000011111111110000000000000000000011111111111111111111
111111111111111111110000000000000000000011111111110000000000000000000011111111111111111111111111111111111111110000000000000000000011111111111111111111111111111111111111110000000000000000000011111111110000000000000000000011111111111111111111111111111111111111110000000000000000000011111111110000000000000000000011111111111111111111
111111111111111111110000000000000000000011111111110000000000000000000011111111111111111111111111111111111111110000000000000000000011111111111111111111111111111111111111110000000000000000000011111111110000000000000000000011111111111111111111111111111111111111110000000000000000000011111111110000000000000000000011111111111111111111
111111111111111111110000000000000000000011111111110000000000000000000011111111111111111111111111111111111111110000000000000000000011111111111111111111111111111111111111110000000000000000000011111111110000000000000000000011111111111111111111111111111111111111110000000000000000000011111111110000000000000000000011111111111111111111
111111111111111111110000000000000000000011111111110000000000000000000011111111111111111111111111111111111111110000000000000000000011111111111111111111111111111111111111110000000000000000000011111111110000000000000000000011111111111111111111111111111111111111110000000000000000000011111111110000000000000000000011111111111111111111
111111111111111111110000000000000000000011111111110000000000000000000011111111111111111111111111111111111111110000000000000000000011111111111111111111111111111111111111110000000000000000000011111111110000000000000000000011111111111111111111111111111111111111110000000000000000000011111111110000000000000000000011111111111111111111
111111111111111111110000000000000000000011111111110000000000000000000011111111111111111111111111111111111111110000000000000000000011111111111111111111111111111111111111110000000000000000000011111111110000000000000000000011111111111111111111111111111111111111110000000000000000000011111111110000000000000000000011111111111111111111
111111111111111111110000000000000000000011111111110000000000000000000011111111111111111111111111111111111111110000000000000000000011111111111111111111111111111111111111110000000000000000000011111111110000000000000000000011111111111111111111111111111111111111110000000000000000000011111111110000000000000000000011111111111111111111
111111111111111111110000000000000000000000000000000000000000000000000011111111110000000000000000000011111111110000000000000000000011111111110000000000000000000011111111110000000000000000000011111111110000000000000000000000000000000000000000000000000000000000000000000000000000000011111111110000000000000000000011111111111111111111
111111111111111111110000000000000000000000000000000000000000000000000011111111110000000000000000000011111111110000000000000000000011111111110000000000000000000011111111110000000000000000000011111111110000000000000000000000000000000000000000000000000000000000000000000000000000000011111111110000000000000000000011111111111111111111
111111111111111111110000000000000000000000000000000000000000000000000011111111110000000000000000000011111111110000000000000000000011111111110000000000000000000011111111110000000000000000000011111111110000000000000000000000000000000000000000000000000000000000000000000000000000000011111111110000000000000000000011111111111111111111
111111111111111111110000000000000000000000000000000000000000000000000011111111110000000000000000000011111111110000000000000000000011111111110000000000000000000011111111110000000000000000000011111111110000000000000000000000000000000000000000000000000000000000000000000000000000000011111111110000000000000000000011111111111111111111
111111111111111111110000000000000000000000000000000000000000000000000011111111110000000000000000000011111111110000000000000000000011111111110000000000000000000011111111110000000000000000000011111111110000000000000000000000000000000000000000000000000000000000000000000000000000000011111111110000000000000000000011111111111111111111
111111111111111111110000000000000000000000000000000000000000000000000011111111110000000000000000000011111111110000000000000000000011111111110000000000000000000011111111110000000000000000000011111111110000000000000000000000000000000000000000000000000000000000000000000000000000000011111111110000000000000000000011111111111111111111
111111111111111111110000000000000000000000000000000000000000000000000011111111110000000000000000000011111111110000000000000000000011111111110000000000000000000011111111110000000000000000000011111111110000000000000000000000000000000000000000000000000000000000000000000000000000000011111111110000000000000000000011111111111111111111
111111111111111111110000000000000000000000000000000000000000000000000011111111110000000000000000000011111111110000000000000000000011111111110000000000000000000011111111110000000000000000000011111111110000000000000000000000000000000000000000000000000000000000000000000000000000000011111111110000000000000000000011111111111111111111
111111111111111111110000000000000000000000000000000000000000000000000011111111110000000000000000000011111111110000000000000000000011111111110000000000000000000011111111110000000000000000000011111111110000000000000000000000000000000000000000000000000000000000000000000000000000000011111111110000000000000000000011111111111111111111
111111111111111111110000000000000000000000000000000000000000000000000011111111110000000000000000000011111111110000000000000000000011111111110000000000000000000011111111110000000000000000000011111111110000000000000000000000000000000000000000000000000000000000000000000000000000000011111111110000000000000000000011111111111111111111
111111111111111111110000000000000000000011111111110000000000000000000011111111110000000000000000000011111111111111111111111111111111111111110000000000000000000011111111110000000000000000000011111111110000000000000000000011111111111111111111111111111111111111110000000000000000000011111111110000000000000000000011111111111111111111
111111111111111111110000000000000000000011111111110000000000000000000011111111110000000000000000000011111111111111111111111111111111111111110000000000000000000011111111110000000000000000000011111111110000000000000000000011111111111111111111111111111111111111110000000000000000000011111111110000000000000000000011111111111111111111
111111111111111111110000000000000000000011111111110000000000000000000011111111110000000000000000000011111111111111111111111111111111111111110000000000000000000011111111110000000000000000000011111111110000000000000000000011111111111111111111111111111111111111110000000000000000000011111111110000000000000000000011111111111111111111
111111111111111111110000000000000000000011111111110000000000000000000011111111110000000000000000000011111111111111111111111111111111111111110000000000000000000011111111110000000000000000000011111111110000000000000000000011111111111111111111111111111111111111110000000000000000000011111111110000000000000000000011111111111111111111
111111111111111111110000000000000000000011111111110000000000000000000011111111110000000000000000000011111111111111111111111111111111111111110000000000000000000011111111110000000000000000000011111111110000000000000000000011111111111111111111111111111111111111110000000000000000000011111111110000000000000000000011111111111111111111
111111111111111111110000000000000000000011111111110000000000000000000011111111110000000000000000000011111111111111111111111111111111111111110000000000000000000011111111110000000000000000000011111111110000000000000000000011111111111111111111111111111111111111110000000000000000000011111111110000000000000000000011111111111111111111
111111111111111111110000000000000000000011111111110000000000000000000011111111110000000000000000000011111111111111111111111111111111111111110000000000000000000011111111110000000000000000000011111111110000000000000000000011111111111111111111111111111111111111110000000000000000000011111111110000000000000000000011111111111111111111
111111111111111111110000000000000000000011111111110000000000000000000011111111110000000000000000000011111111111111111111111111111111111111110000000000000000000011111111110000000000000000000011111111110000000000000000000011111111111111111111111111111111111111110000000000000000000011111111110000000000000000000011111111111111111111
111111111111111111110000000000000000000011111111110000000000000000000011111111110000000000000000000011111111111111111111111111111111111111110000000000000000000011111111110000000000000000000011111111110000000000000000000011111111111111111111111111111111111111110000000000000000000011111111110000000000000000000011111111111111111111
111111111111111111110000000000000000000011111111110000000000000000000011111111110000000000000000000011111111111111111111111111111111111111110000000000000000000011111111110000000000000000000011111111110000000000000000000011111111111111111111111111111111111111110000000000000000000011111111110000000000000000000011111111111111111111
111111111111111111110000000000000000000011111111110000000000000000000011111111110000000000000000000011111111110000000000000000000011111111110000000000000000000000000000000000000000000000000011111111110000000000000000000011111111110000000000000000000011111111110000000000000000000000000000000000000000000000000011111111111111111111
111111111111111111110000000000000000000011111111110000000000000000000011111111110000000000000000000011111111110000000000000000000011111111110000000000000000000000000000000000000000000000000011111111110000000000000000000011111111110000000000000000000011111111110000000000000000000000000000000000000000000000000011111111111111111111
111111111111111111110000000000000000000011111111110000000000000000000011111111110000000000000000000011111111110000000000000000000011111111110000000000000000000000000000000000000000000000000011111111110000000000000000000011111111110000000000000000000011111111110000000000000000000000000000000000000000000000000011111111111111111111
111111111111111111110000000000000000000011111111110000000000000000000011111111110000000000000000000011111111110000000000000000000011111111110000000000000000000000000000000000000000000000000011111111110000000000000000000011111111110000000000000000000011111111110000000000000000000000000000000000000000000000000011111111111111111111
111111111111111111110000000000000000000011111111110000000000000000000011111111110000000000000000000011111111110000000000000000000011111111110000000000000000000000000000000000000000000000000011111111110000000000000000000011111111110000000000000000000011111111110000000000000000000000000000000000000000000000000011111111111111111111
111111111111111111110000000000000000000011111111110000000000000000000011111111110000000000000000000011111111110000000000000000000011111111110000000000000000000000000000000000000000000000000011111111110000000000000000000011111111110000000000000000000011111111110000000000000000000000000000000000000000000000000011111111111111111111
111111111111111111110000000000000000000011111111110000000000000000000011111111110000000000000000000011111111110000000000000000000011111111110000000000000000000000000000000000000000000000000011111111110000000000000000000011111111110000000000000000000011111111110000000000000000000000000000000000000000000000000011111111111111111111
111111111111111111110000000000000000000011111111110000000000000000000011111111110000000000000000000011111111110000000000000000000011111111110000000000000000000000000000000000000000000000000011111111110000000000000000000011111111110000000000000000000011111111110000000000000000000000000000000000000000000000000011111111111111111111
111111111111111111110000000000000000000011111111110000000000000000000011111111110000000000000000000011111111110000000000000000000011111111110000000000000000000000000000000000000000000000000011111111110000000000000000000011111111110000000000000000000011111111110000000000000000000000000000000000000000000000000011111111111111111111
111111111111111111110000000000000000000011111111110000000000000000000011111111110000000000000000000011111111110000000000000000000011111111110000000000000000000000000000000000000000000000000011111111110000000000000000000011111111110000000000000000000011111111110000000000000000000000000000000000000000000000000011111111111111111111
111111111111111111110000000000000000000011111111110000000000000000000011111111110000000000000000000011111111110000000000000000000011111111111111111111111111111111111111110000000000000000000011111111111111111111111111111111111111110000000000000000000011111111110000000000000000000011111111111111111111111111111111111111111111111111
111111111111111111110000000000000000000011111111110000000000000000000011111111110000000000000000000011111111110000000000000000000011111111111111111111111111111111111111110000000000000000000011111111111111111111111111111111111111110000000000000000000011111111110000000000000000000011111111111111111111111111111111111111111111111111
111111111111111111110000000000000000000011111111110000000000000000000011111111110000000000000000000011111111110000000000000000000011111111111111111111111111111111111111110000000000000000000011111111111111111111111111111111111111110000000000000000000011111111110000000000000000000011111111111111111111111111111111111111111111111111
111111111111111111110000000000000000000011111111110000000000000000000011111111110000000000000000000011111111110000000000000000000011111111111111111111111111111111111111110000000000000000000011111111111111111111111111111111111111110000000000000000000011111111110000000000000000000011111111111111111111111111111111111111111111111111
111111111111111111110000000000000000000011111111110000000000000000000011111111110000000000000000000011111111110000000000000000000011111111111111111111111111111111111111110000000000000000000011111111111111111111111111111111111111110000000000000000000011111111110000000000000000000011111111111111111111111111111111111111111111111111
111111111111111111110000000000000000000011111111110000000000000000000011111111110000000000000000000011111111110000000000000000000011111111111111111111111111111111111111110000000000000000000011111111111111111111111111111111111111110000000000000000000011111111110000000000000000000011111111111111111111111111111111111111111111111111
111111111111111111110000000000000000000011111111110000000000000000000011111111110000000000000000000011111111110000000000000000000011111111111111111111111111111111111111110000000000000000000011111111111111111111111111111111111111110000000000000000000011111111110000000000000000000011111111111111111111111111111111111111111111111111
111111111111111111110000000000000000000011111111110000000000000000000011111111110000000000000000000011111111110000000000000000000011111111111111111111111111111111111111110000000000000000000011111111111111111111111111111111111111110000000000000000000011111111110000000000000000000011111111111111111111111111111111111111111111111111
111111111111111111110000000000000000000011111111110000000000000000000011111111110000000000000000000011111111110000000000000000000011111111111111111111111111111111111111110000000000000000000011111111111111111111111111111111111111110000000000000000000011111111110000000000000000000011111111111111111111111111111111111111111111111111
111111111111111111110000000000000000000011111111110000000000000000000011111111110000000000000000000011111111110000000000000000000011111111111111111111111111111111111111110000000000000000000011111111111111111111111111111111111111110000000000000000000011111111110000000000000000000011111111111111111111111111111111111111111111111111
111111111111111111110000000000000000000011111111110000000000000000000000000000000000000000000000000011111111110000000000000000000011111111110000000000000000000000000000000000000000000000000011111111110000000000000000000000000000000000000000000000000011111111110000000000000000000011111111110000000000000000000011111111111111111111
111111111111111111110000000000000000000011111111110000000000000000000000000000000000000000000000000011111111110000000000000000000011111111110000000000000000000000000000000000000000000000000011111111110000000000000000000000000000000000000000000000000011111111110000000000000000000011111111110000000000000000000011111111111111111111
111111111111111111110000000000000000000011111111110000000000000000000000000000000000000000000000000011111111110000000000000000000011111111110000000000000000000000000000000000000000000000000011111111110000000000000000000000000000000000000000000000000011111111110000000000000000000011111111110000000000000000000011111111111111111111
111111111111111111110000000000000000000011111111110000000000000000000000000000000000000000000000000011111111110000000000000000000011111111110000000000000000000000000000000000000000000000000011111111110000000000000000000000000000000000000000000000000011111111110000000000000000000011111111110000000000000000000011111111111111111111
111111111111111111110000000000000000000011111111110000000000000000000000000000000000000000000000000011111111110000000000000000000011111111110000000000000000000000000000000000000000000000000011111111110000000000000000000000000000000000000000000000000011111111110000000000000000000011111111110000000000000000000011111111111111111111
111111111111111111110000000000000000000011111111110000000000000000000000000000000000000000000000000011111111110000000000000000000011111111110000000000000000000000000000000000000000000000000011111111110000000000000000000000000000000000000000000000000011111111110000000000000000000011111111110000000000000000000011111111111111111111
111111111111111111110000000000000000000011111111110000000000000000000000000000000000000000000000000011111111110000000000000000000011111111110000000000000000000000000000000000000000000000000011111111110000000000000000000000000000000000000000000000000011111111110000000000000000000011111111110000000000000000000011111111111111111111
111111111111111111110000000000000000000011111111110000000000000000000000000000000000000000000000000011111111110000000000000000000011111111110000000000000000000000000000000000000000000000000011111111110000000000000000000000000000000000000000000000000011111111110000000000000000000011111111110000000000000000000011111111111111111111
111111111111111111110000000000000000000011111111110000000000000000000000000000000000000000000000000011111111110000000000000000000011111111110000000000000000000000000000000000000000000000000011111111110000000000000000000000000000000000000000000000000011111111110000000000000000000011111111110000000000000000000011111111111111111111
111111111111111111110000000000000000000011111111110000000000000000000000000000000000000000000000000011111111110000000000000000000011111111110000000000000000000000000000000000000000000000000011111111110000000000000000000000000000000000000000000000000011111111110000000000000000000011111111110000000000000000000011111111111111111111
111111111111111111111111111111111111111111111111111111111111111111111111111111110000000000000000000011111111110000000000000000000011111111110000000000000000000011111111110000000000000000000011111111110000000000000000000011111111110000000000000000000011111111111111111111111111111111111111110000000000000000000011111111111111111111
111111111111111111111111111111111111111111111111111111111111111111111111111111110000000000000000000011111111110000000000000000000011111111110000000000000000000011111111110000000000000000000011111111110000000000000000000011111111110000000000000000000011111111111111111111111111111111111111110000000000000000000011111111111111111111
111111111111111111111111111111111111111111111111111111111111111111111111111111110000000000000000000011111111110000000000000000000011111111110000000000000000000011111111110000000000000000000011111111110000000000000000000011111111110000000000000000000011111111111111111111111111111111111111110000000000000000000011111111111111111111
111111111111111111111111111111111111111111111111111111111111111111111111111111110000000000000000000011111111110000000000000000000011111111110000000000000000000011111111110000000000000000000011111111110000000000000000000011111111110000000000000000000011111111111111111111111111111111111111110000000000000000000011111111111111111111
111111111111111111111111111111111111111111111111111111111111111111111111111111110000000000000000000011111111110000000000000000000011111111110000000000000000000011111111110000000000000000000011111111110000000000000000000011111111110000000000000000000011111111111111111111111111111111111111110000000000000000000011111111111111111111
111111111111111111111111111111111111111111111111111111111111111111111111111111110000000000000000000011111111110000000000000000000011111111110000000000000000000011111111110000000000000000000011111111110000000000000000000011111111110000000000000000000011111111111111111111111111111111111111110000000000000000000011111111111111111111
111111111111111111111111111111111111111111111111111111111111111111111111111111110000000000000000000011111111110000000000000000000011111111110000000000000000000011111111110000000000000000000011111111110000000000000000000011111111110000000000000000000011111111111111111111111111111111111111110000000000000000000011111111111111111111
111111111111111111111111111111111111111111111111111111111111111111111111111111110000000000000000000011111111110000000000000000000011111111110000000000000000000011111111110000000000000000000011111111110000000000000000000011111111110000000000000000000011111111111111111111111111111111111111110000000000000000000011111111111111111111
111111111111111111111111111111111111111111111111111111111111111111111111111111110000000000000000000011111111110000000000000000000011111111110000000000000000000011111111110000000000000000000011111111110000000000000000000011111111110000000000000000000011111111111111111111111111111111111111110000000000000000000011111111111111111111
111111111111111111111111111111111111111111111111111111111111111111111111111111110000000000000000000011111111110000000000000000000011111111110000000000000000000011111111110000000000000000000011111111110000000000000000000011111111110000000000000000000011111111111111111111111111111111111111110000000000000000000011111111111111111111
111111111111111111110000000000000000000000000000000000000000000000000000000000000000000000000000000000000000000000000000000000000011111111110000000000000000000011111111110000000000000000000000000000000000000000000000000011111111110000000000000000000011111111110000000000000000000000000000000000000000000000000011111111111111111111
111111111111111111110000000000000000000000000000000000000000000000000000000000000000000000000000000000000000000000000000000000000011111111110000000000000000000011111111110000000000000000000000000000000000000000000000000011111111110000000000000000000011111111110000000000000000000000000000000000000000000000000011111111111111111111
111111111111111111110000000000000000000000000000000000000000000000000000000000000000000000000000000000000000000000000000000000000011111111110000000000000000000011111111110000000000000000000000000000000000000000000000000011111111110000000000000000000011111111110000000000000000000000000000000000000000000000000011111111111111111111
111111111111111111110000000000000000000000000000000000000000000000000000000000000000000000000000000000000000000000000000000000000011111111110000000000000000000011111111110000000000000000000000000000000000000000000000000011111111110000000000000000000011111111110000000000000000000000000000000000000000000000000011111111111111111111
111111111111111111110000000000000000000000000000000000000000000000000000000000000000000000000000000000000000000000000000000000000011111111110000000000000000000011111111110000000000000000000000000000000000000000000000000011111111110000000000000000000011111111110000000000000000000000000000000000000000000000000011111111111111111111
111111111111111111110000000000000000000000000000000000000000000000000000000000000000000000000000000000000000000000000000000000000011111111110000000000000000000011111111110000000000000000000000000000000000000000000000000011111111110000000000000000000011111111110000000000000000000000000000000000000000000000000011111111111111111111
111111111111111111110000000000000000000000000000000000000000000000000000000000000000000000000000000000000000000000000000000000000011111111110000000000000000000011111111110000000000000000000000000000000000000000000000000011111111110000000000000000000011111111110000000000000000000000000000000000000000000000000011111111111111111111
111111111111111111110000000000000000000000000000000000000000000000000000000000000000000000000000000000000000000000000000000000000011111111110000000000000000000011111111110000000000000000000000000000000000000000000000000011111111110000000000000000000011111111110000000000000000000000000000000000000000000000000011111111111111111111
111111111111111111110000000000000000000000000000000000000000000000000000000000000000000000000000000000000000000000000000000000000011111111110000000000000000000011111111110000000000000000000000000000000000000000000000000011111111110000000000000000000011111111110000000000000000000000000000000000000000000000000011111111111111111111
111111111111111111110000000000000000000000000000000000000000000000000000000000000000000000000000000000000000000000000000000000000011111111110000000000000000000011111111110000000000000000000000000000000000000000000000000011111111110000000000000000000011111111110000000000000000000000000000000000000000000000000011111111111111111111
111111111111111111111111111111111111111111111111110000000000000000000011111111111111111111111111111111111111111111111111111111111111111111110000000000000000000011111111110000000000000000000011111111111111111111111111111111111111110000000000000000000011111111110000000000000000000011111111111111111111111111111111111111111111111111
111111111111111111111111111111111111111111111111110000000000000000000011111111111111111111111111111111111111111111111111111111111111111111110000000000000000000011111111110000000000000000000011111111111111111111111111111111111111110000000000000000000011111111110000000000000000000011111111111111111111111111111111111111111111111111
111111111111111111111111111111111111111111111111110000000000000000000011111111111111111111111111111111111111111111111111111111111111111111110000000000000000000011111111110000000000000000000011111111111111111111111111111111111111110000000000000000000011111111110000000000000000000011111111111111111111111111111111111111111111111111
111111111111111111111111111111111111111111111111110000000000000000000011111111111111111111111111111111111111111111111111111111111111111111110000000000000000000011111111110000000000000000000011111111111111111111111111111111111111110000000000000000000011111111110000000000000000000011111111111111111111111111111111111111111111111111
111111111111111111111111111111111111111111111111110000000000000000000011111111111111111111111111111111111111111111111111111111111111111111110000000000000000000011111111110000000000000000000011111111111111111111111111111111111111110000000000000000000011111111110000000000000000000011111111111111111111111111111111111111111111111111
111111111111111111111111111111111111111111111111110000000000000000000011111111111111111111111111111111111111111111111111111111111111111111110000000000000000000011111111110000000000000000000011111111111111111111111111111111111111110000000000000000000011111111110000000000000000000011111111111111111111111111111111111111111111111111
111111111111111111111111111111111111111111111111110000000000000000000011111111111111111111111111111111111111111111111111111111111111111111110000000000000000000011111111110000000000000000000011111111111111111111111111111111111111110000000000000000000011111111110000000000000000000011111111111111111111111111111111111111111111111111
111111111111111111111111111111111111111111111111110000000000000000000011111111111111111111111111111111111111111111111111111111111111111111110000000000000000000011111111110000000000000000000011111111111111111111111111111111111111110000000000000000000011111111110000000000000000000011111111111111111111111111111111111111111111111111
111111111111111111111111111111111111111111111111110000000000000000000011111111111111111111111111111111111111111111111111111111111111111111110000000000000000000011111111110000000000000000000011111111111111111111111111111111111111110000000000000000000011111111110000000000000000000011111111111111111111111111111111111111111111111111
11111111111111111111111111111111111111111111111111000000000000000000001111111111111111111111111111111111111111111111111111111111111111111111000000000000000000001111111111000000000000000000001111111111111111111111111111111111111111000000000000000000001111111111000000000000000000001111111111AAAAAAAAAAAAAAAAAAAA11111111111111111111
111111111111111111110000000000000000000000000000000000000000000000000011111111110000000000000000000000000000000000000000000000000000000000000000000000000000000011111111110000000000000000000011111111110000000000000000000000000000000000000000000000000000000000000000000000000000000011111111110000000000000000000011111111111111111111
111111111111111111110000000000000000000000000000000000000000000000000011111111110000000000000000000000000000000000000000000000000000000000000000000000000000000011111111110000000000000000000011111111110000000000000000000000000000000000000000000000000000000000000000000000000000000011111111110000000000000000000011111111111111111111
111111111111111111110000000000000000000000000000000000000000000000000011111111110000000000000000000000000000000000000000000000000000000000000000000000000000000011111111110000000000000000000011111111110000000000000000000000000000000000000000000000000000000000000000000000000000000011111111110000000000000000000011111111111111111111
111111111111111111110000000000000000000000000000000000000000000000000011111111110000000000000000000000000000000000000000000000000000000000000000000000000000000011111111110000000000000000000011111111110000000000000000000000000000000000000000000000000000000000000000000000000000000011111111110000000000000000000011111111111111111111
111111111111111111110000000000000000000000000000000000000000000000000011111111110000000000000000000000000000000000000000000000000000000000000000000000000000000011111111110000000000000000000011111111110000000000000000000000000000000000000000000000000000000000000000000000000000000011111111110000000000000000000011111111111111111111
111111111111111111110000000000000000000000000000000000000000000000000011111111110000000000000000000000000000000000000000000000000000000000000000000000000000000011111111110000000000000000000011111111110000000000000000000000000000000000000000000000000000000000000000000000000000000011111111110000000000000000000011111111111111111111
111111111111111111110000000000000000000000000000000000000000000000000011111111110000000000000000000000000000000000000000000000000000000000000000000000000000000011111111110000000000000000000011111111110000000000000000000000000000000000000000000000000000000000000000000000000000000011111111110000000000000000000011111111111111111111
111111111111111111110000000000000000000000000000000000000000000000000011111111110000000000000000000000000000000000000000000000000000000000000000000000000000000011111111110000000000000000000011111111110000000000000000000000000000000000000000000000000000000000000000000000000000000011111111110000000000000000000011111111111111111111
111111111111111111110000000000000000000000000000000000000000000000000011111111110000000000000000000000000000000000000000000000000000000000000000000000000000000011111111110000000000000000000011111111110000000000000000000000000000000000000000000000000000000000000000000000000000000011111111110000000000000000000011111111111111111111
111111111111111111110000000000000000000000000000000000000000000000000011111111110000000000000000000000000000000000000000000000000000000000000000000000000000000011111111110000000000000000000011111111110000000000000000000000000000000000000000000000000000000000000000000000000000000011111111110000000000000000000011111111111111111111
111111111111111111110000000000000000000011111111110000000000000000000011111111110000000000000000000011111111111111111111111111111111111111111111111111111111111111111111111111111111111111111111111111111111111111111111111111111111110000000000000000000011111111111111111111111111111111111111110000000000000000000011111111111111111111
111111111111111111110000000000000000000011111111110000000000000000000011111111110000000000000000000011111111111111111111111111111111111111111111111111111111111111111111111111111111111111111111111111111111111111111111111111111111110000000000000000000011111111111111111111111111111111111111110000000000000000000011111111111111111111
111111111111111111110000000000000000000011111111110000000000000000000011111111110000000000000000000011111111111111111111111111111111111111111111111111111111111111111111111111111111111111111111111111111111111111111111111111111111110000000000000000000011111111111111111111111111111111111111110000000000000000000011111111111111111111
111111111111111111110000000000000000000011111111110000000000000000000011111111110000000000000000000011111111111111111111111111111111111111111111111111111111111111111111111111111111111111111111111111111111111111111111111111111111110000000000000000000011111111111111111111111111111111111111110000000000000000000011111111111111111111
111111111111111111110000000000000000000011111111110000000000000000000011111111110000000000000000000011111111111111111111111111111111111111111111111111111111111111111111111111111111111111111111111111111111111111111111111111111111110000000000000000000011111111111111111111111111111111111111110000000000000000000011111111111111111111
111111111111111111110000000000000000000011111111110000000000000000000011111111110000000000000000000011111111111111111111111111111111111111111111111111111111111111111111111111111111111111111111111111111111111111111111111111111111110000000000000000000011111111111111111111111111111111111111110000000000000000000011111111111111111111
111111111111111111110000000000000000000011111111110000000000000000000011111111110000000000000000000011111111111111111111111111111111111111111111111111111111111111111111111111111111111111111111111111111111111111111111111111111111110000000000000000000011111111111111111111111111111111111111110000000000000000000011111111111111111111
111111111111111111110000000000000000000011111111110000000000000000000011111111110000000000000000000011111111111111111111111111111111111111111111111111111111111111111111111111111111111111111111111111111111111111111111111111111111110000000000000000000011111111111111111111111111111111111111110000000000000000000011111111111111111111
111111111111111111110000000000000000000011111111110000000000000000000011111111110000000000000000000011111111111111111111111111111111111111111111111111111111111111111111111111111111111111111111111111111111111111111111111111111111110000000000000000000011111111111111111111111111111111111111110000000000000000000011111111111111111111
11111111111111111111000000000000000000001111111111000000000000000000001111111111000000000000000000001111111111111111111111111111111111111111111111111111111111111111111111111111111111111111111111111111111111111111111111111111111111000000000000000000001111111111AAAAAAAAAAAAAAAAAAAAAAAAAAAAAA0000000000000000000011111111111111111111
111111111111111111110000000000000000000011111111110000000000000000000011111111110000000000000000000011111111110000000000000000000000000000000000000000000000000011111111110000000000000000000011111111110000000000000000000011111111110000000000000000000011111111110000000000000000000000000000000000000000000000000011111111111111111111
111111111111111111110000000000000000000011111111110000000000000000000011111111110000000000000000000011111111110000000000000000000000000000000000000000000000000011111111110000000000000000000011111111110000000000000000000011111111110000000000000000000011111111110000000000000000000000000000000000000000000000000011111111111111111111
111111111111111111110000000000000000000011111111110000000000000000000011111111110000000000000000000011111111110000000000000000000000000000000000000000000000000011111111110000000000000000000011111111110000000000000000000011111111110000000000000000000011111111110000000000000000000000000000000000000000000000000011111111111111111111
111111111111111111110000000000000000000011111111110000000000000000000011111111110000000000000000000011111111110000000000000000000000000000000000000000000000000011111111110000000000000000000011111111110000000000000000000011111111110000000000000000000011111111110000000000000000000000000000000000000000000000000011111111111111111111
111111111111111111110000000000000000000011111111110000000000000000000011111111110000000000000000000011111111110000000000000000000000000000000000000000000000000011111111110000000000000000000011111111110000000000000000000011111111110000000000000000000011111111110000000000000000000000000000000000000000000000000011111111111111111111
111111111111111111110000000000000000000011111111110000000000000000000011111111110000000000000000000011111111110000000000000000000000000000000000000000000000000011111111110000000000000000000011111111110000000000000000000011111111110000000000000000000011111111110000000000000000000000000000000000000000000000000011111111111111111111
111111111111111111110000000000000000000011111111110000000000000000000011111111110000000000000000000011111111110000000000000000000000000000000000000000000000000011111111110000000000000000000011111111110000000000000000000011111111110000000000000000000011111111110000000000000000000000000000000000000000000000000011111111111111111111
111111111111111111110000000000000000000011111111110000000000000000000011111111110000000000000000000011111111110000000000000000000000000000000000000000000000000011111111110000000000000000000011111111110000000000000000000011111111110000000000000000000011111111110000000000000000000000000000000000000000000000000011111111111111111111
111111111111111111110000000000000000000011111111110000000000000000000011111111110000000000000000000011111111110000000000000000000000000000000000000000000000000011111111110000000000000000000011111111110000000000000000000011111111110000000000000000000011111111110000000000000000000000000000000000000000000000000011111111111111111111
111111111111111111110000000000000000000011111111110000000000000000000011111111110000000000000000000011111111110000000000000000000000000000000000000000000000000011111111110000000000000000000011111111110000000000000000000011111111110000000000000000000011111111110000000000000000000000000000000000000000000000000011111111111111111111
111111111111111111111111111111111111111111111111111111111111111111111111111111110000000000000000000011111111111111111111111111111111111111110000000000000000000011111111110000000000000000000011111111110000000000000000000011111111110000000000000000000011111111110000000000000000000011111111110000000000000000000011111111111111111111
111111111111111111111111111111111111111111111111111111111111111111111111111111110000000000000000000011111111111111111111111111111111111111110000000000000000000011111111110000000000000000000011111111110000000000000000000011111111110000000000000000000011111111110000000000000000000011111111110000000000000000000011111111111111111111
111111111111111111111111111111111111111111111111111111111111111111111111111111110000000000000000000011111111111111111111111111111111111111110000000000000000000011111111110000000000000000000011111111110000000000000000000011111111110000000000000000000011111111110000000000000000000011111111110000000000000000000011111111111111111111
111111111111111111111111111111111111111111111111111111111111111111111111111111110000000000000000000011111111111111111111111111111111111111110000000000000000000011111111110000000000000000000011111111110000000000000000000011111111110000000000000000000011111111110000000000000000000011111111110000000000000000000011111111111111111111
111111111111111111111111111111111111111111111111111111111111111111111111111111110000000000000000000011111111111111111111111111111111111111110000000000000000000011111111110000000000000000000011111111110000000000000000000011111111110000000000000000000011111111110000000000000000000011111111110000000000000000000011111111111111111111
111111111111111111111111111111111111111111111111111111111111111111111111111111110000000000000000000011111111111111111111111111111111111111110000000000000000000011111111110000000000000000000011111111110000000000000000000011111111110000000000000000000011111111110000000000000000000011111111110000000000000000000011111111111111111111
111111111111111111111111111111111111111111111111111111111111111111111111111111110000000000000000000011111111111111111111111111111111111111110000000000000000000011111111110000000000000000000011111111110000000000000000000011111111110000000000000000000011111111110000000000000000000011111111110000000000000000000011111111111111111111
111111111111111111111111111111111111111111111111111111111111111111111111111111110000000000000000000011111111111111111111111111111111111111110000000000000000000011111111110000000000000000000011111111110000000000000000000011111111110000000000000000000011111111110000000000000000000011111111110000000000000000000011111111111111111111
111111111111111111111111111111111111111111111111111111111111111111111111111111110000000000000000000011111111111111111111111111111111111111110000000000000000000011111111110000000000000000000011111111110000000000000000000011111111110000000000000000000011111111110000000000000000000011111111110000000000000000000011111111111111111111
111111111111111111111111111111111111111111111111111111111111111111111111111111110000000000000000000011111111111111111111111111111111111111110000000000000000000011111111110000000000000000000011111111110000000000000000000011111111110000000000000000000011111111110000000000000000000011111111110000000000000000000011111111111111111111
111111111111111111110000000000000000000000000000000000000000000000000000000000000000000000000000000000000000000000000000000000000000000000000000000000000000000011111111110000000000000000000000000000000000000000000000000000000000000000000000000000000000000000000000000000000000000011111111110000000000000000000011111111111111111111
111111111111111111110000000000000000000000000000000000000000000000000000000000000000000000000000000000000000000000000000000000000000000000000000000000000000000011111111110000000000000000000000000000000000000000000000000000000000000000000000000000000000000000000000000000000000000011111111110000000000000000000011111111111111111111
111111111111111111110000000000000000000000000000000000000000000000000000000000000000000000000000000000000000000000000000000000000000000000000000000000000000000011111111110000000000000000000000000000000000000000000000000000000000000000000000000000000000000000000000000000000000000011111111110000000000000000000011111111111111111111
111111111111111111110000000000000000000000000000000000000000000000000000000000000000000000000000000000000000000000000000000000000000000000000000000000000000000011111111110000000000000000000000000000000000000000000000000000000000000000000000000000000000000000000000000000000000000011111111110000000000000000000011111111111111111111
111111111111111111110000000000000000000000000000000000000000000000000000000000000000000000000000000000000000000000000000000000000000000000000000000000000000000011111111110000000000000000000000000000000000000000000000000000000000000000000000000000000000000000000000000000000000000011111111110000000000000000000011111111111111111111
111111111111111111110000000000000000000000000000000000000000000000000000000000000000000000000000000000000000000000000000000000000000000000000000000000000000000011111111110000000000000000000000000000000000000000000000000000000000000000000000000000000000000000000000000000000000000011111111110000000000000000000011111111111111111111
111111111111111111110000000000000000000000000000000000000000000000000000000000000000000000000000000000000000000000000000000000000000000000000000000000000000000011111111110000000000000000000000000000000000000000000000000000000000000000000000000000000000000000000000000000000000000011111111110000000000000000000011111111111111111111
1111111111111111111100000000000000000000000000000000000000000000000000000000000000000000000000000000000000000000000000000000000000000000000000000000000000000000111111111100000000000000000000000000000000000000000000000000000000000000000000000000000000000000000000000000000000000000111111111A0000000000000000000011111111111111111111
111111111111111111110000000000000000000000000000000000000000000000000000000000000000000000000000000000000000000000000000000000000000000000000000000000000000000011111111110000000000000000000000000000000000000000000000000000000000000000000000000000000000000000000000000000000000000011111111110000000000000000000011111111111111111111
1111111111111111111100000000000000000000000000000000000000000000000000000000000000000000000000000000000000000000000000000000000000000000000000000000000000000000111111111100000000000000000000000000000000000000000000000000000000000000000000000000000000000000000000000000000000000000111111111A0000000000000000000011111111111111111111
111111111111111111111111111111111111111111111111111111111111111111111111111111111111111111111111111111111111111111111111111111111111111111111111111111111111111111111111111111111111111111111111111111111111111111111111111111111111111111111111111111111111111111111111111111111111111111111111110000000000000000000011111111111111111111
1111111111111111111111111111111111111111111111111111111111111111111111111111111111111111111111111111111111111111111111111111111111111111111111111111111111111111111111111111111111111111111111111111111111111111111111111111111111111111111111111111111111111111111111111111111111111111111111111A0000000000000000000011111111111111111111
111111111111111111111111111111111111111111111111111111111111111111111111111111111111111111111111111111111111111111111111111111111111111111111111111111111111111111111111111111111111111111111111111111111111111111111111111111111111111111111111111111111111111111111111111111111111111111111111110000000000000000000011111111111111111111
1111111111111111111111111111111111111111111111111111111111111111111111111111111111111111111111111111111111111111111111111111111111111111111111111111111111111111111111111111111111111111111111111111111111111111111111111111111111111111111111111111111111111111111111111111111111111111111111111A0000000000000000000011111111111111111111
111111111111111111111111111111111111111111111111111111111111111111111111111111111111111111111111111111111111111111111111111111111111111111111111111111111111111111111111111111111111111111111111111111111111111111111111111111111111111111111111111111111111111111111111111111111111111111111111110000000000000000000011111111111111111111
1111111111111111111111111111111111111111111111111111111111111111111111111111111111111111111111111111111111111111111111111111111111111111111111111111111111111111111111111111111111111111111111111111111111111111111111111111111111111111111111111111111111111111111111111111111111111111111111111A0000000000000000000011111111111111111111
111111111111111111111111111111111111111111111111111111111111111111111111111111111111111111111111111111111111111111111111111111111111111111111111111111111111111111111111111111111111111111111111111111111111111111111111111111111111111111111111111111111111111111111111111111111111111111111111110000000000000000000011111111111111111111
111111111111111111111111111111111111111111111111111111111111111111111111111111111111111111111111111111111111111111111111111111111111111111111111111111111111111111111111111111111111111111111111111111111111111111111111111111111111111111111111111111111111111111111111111111111111111111111111110000000000000000000011111111111111111111
111111111111111111111111111111111111111111111111111111111111111111111111111111111111111111111111111111111111111111111111111111111111111111111111111111111111111111111111111111111111111111111111111111111111111111111111111111111111111111111111111111111111111111111111111111111111111111111111110000000000000000000011111111111111111111
11111111111111111111111111111111111111111111111111111111111111111111111111111111111111111111111111111111111111111111111111111111111111111111111111111111111111111111111111111111111111111111111111111111111111111111111111111111111111111111111111111111111111111111111111111111111111111111111111000000000S000000000011111111111111111111
111111111111111111111111111111111111111111111111111111111111111111111111111111111111111111111111111111111111111111111111111111111111111111111111111111111111111111111111111111111111111111111111111111111111111111111111111111111111111111111111111111111111111111111111111111111111111111111111111111111111111111111111111111111111111111
111111111111111111111111111111111111111111111111111111111111111111111111111111111111111111111111111111111111111111111111111111111111111111111111111111111111111111111111111111111111111111111111111111111111111111111111111111111111111111111111111111111111111111111111111111111111111111111111111111111111111111111111111111111111111111
111111111111111111111111111111111111111111111111111111111111111111111111111111111111111111111111111111111111111111111111111111111111111111111111111111111111111111111111111111111111111111111111111111111111111111111111111111111111111111111111111111111111111111111111111111111111111111111111111111111111111111111111111111111111111111
111111111111111111111111111111111111111111111111111111111111111111111111111111111111111111111111111111111111111111111111111111111111111111111111111111111111111111111111111111111111111111111111111111111111111111111111111111111111111111111111111111111111111111111111111111111111111111111111111111111111111111111111111111111111111111
111111111111111111111111111111111111111111111111111111111111111111111111111111111111111111111111111111111111111111111111111111111111111111111111111111111111111111111111111111111111111111111111111111111111111111111111111111111111111111111111111111111111111111111111111111111111111111111111111111111111111111111111111111111111111111
111111111111111111111111111111111111111111111111111111111111111111111111111111111111111111111111111111111111111111111111111111111111111111111111111111111111111111111111111111111111111111111111111111111111111111111111111111111111111111111111111111111111111111111111111111111111111111111111111111111111111111111111111111111111111111
111111111111111111111111111111111111111111111111111111111111111111111111111111111111111111111111111111111111111111111111111111111111111111111111111111111111111111111111111111111111111111111111111111111111111111111111111111111111111111111111111111111111111111111111111111111111111111111111111111111111111111111111111111111111111111
111111111111111111111111111111111111111111111111111111111111111111111111111111111111111111111111111111111111111111111111111111111111111111111111111111111111111111111111111111111111111111111111111111111111111111111111111111111111111111111111111111111111111111111111111111111111111111111111111111111111111111111111111111111111111111
111111111111111111111111111111111111111111111111111111111111111111111111111111111111111111111111111111111111111111111111111111111111111111111111111111111111111111111111111111111111111111111111111111111111111111111111111111111111111111111111111111111111111111111111111111111111111111111111111111111111111111111111111111111111111111
111111111111111111111111111111111111111111111111111111111111111111111111111111111111111111111111111111111111111111111111111111111111111111111111111111111111111111111111111111111111111111111111111111111111111111111111111111111111111111111111111111111111111111111111111111111111111111111111111111111111111111111111111111111111111111
